std:  0.169869703799
hdr: -0.026920172945
