std: 0.48916344306
hdr: -0.1128283625


